,sentence_vector
0,"[ 3.80413665e-04  3.87324457e-04  6.12414442e-04 -3.00478248e-04
  2.31510203e-04 -5.56214829e-04  9.58154269e-04 -9.24862281e-04
  2.04238342e-03 -3.06328497e-04 -1.13474438e-03 -1.12447410e-03
  6.94211281e-04 -1.23498059e-04 -1.08362746e-03 -6.47837180e-04
  5.51244084e-05  1.97346322e-04  1.83535204e-03 -2.63354811e-03
  3.74058989e-04 -4.91360086e-04 -1.52929078e-05  1.13320141e-03
 -6.89505541e-04  2.02751323e-03  6.56681543e-04 -3.33035059e-05
 -1.51914847e-03 -7.07855041e-04  5.52840975e-05  7.77946261e-04
  3.02470999e-05 -2.35094121e-05 -1.67908554e-04 -5.44166716e-04
 -1.50728424e-03 -8.97558712e-05  1.37746159e-03 -1.25601387e-03
 -1.01541154e-04 -1.70151645e-03 -2.81533878e-03  7.15444447e-04
  1.72801316e-03 -8.61769018e-04  1.41231096e-04  2.46477604e-04
  1.60370895e-03  5.48590848e-04  3.56244884e-04 -3.53645126e-04
  2.71446910e-03 -9.84861748e-04 -1.29568100e-03  1.89650070e-03
 -2.20486242e-03  2.93757057e-05 -3.43046291e-03 -7.46654696e-04
  9.28251597e-04 -1.40310335e-03  8.94436089e-04 -4.85386518e-05
 -1.18020689e-03 -2.52762344e-04  1.43523415e-04  2.22527701e-03
  6.04152097e-04  1.11446809e-03 -4.11975809e-04  1.85699586e-03
 -9.75554285e-04  5.31110796e-04  1.22857303e-03  1.98150519e-03
  2.36289616e-05  8.00125243e-04  1.01450691e-03 -4.93678497e-04
 -6.75105402e-05  1.25723565e-03 -1.08098425e-03  1.23681896e-03
 -6.65903091e-04 -9.21236118e-04  4.29713447e-03  1.70282670e-03
  1.19143806e-03  8.96243291e-05  1.32638856e-03 -3.64888576e-04
  2.81950743e-05  1.32345769e-03 -1.68239197e-03  1.07408199e-03
  2.06208136e-03  6.19487022e-04  2.24876730e-03 -7.10260007e-04]"
1,"[-1.0377998e-03  4.2375515e-04 -1.1617246e-03 -1.9068732e-04
  3.0713202e-04 -1.2018905e-03  9.6790411e-04  1.2796690e-03
 -1.9286956e-03 -9.1304770e-05 -8.7154709e-04 -9.5488538e-04
  1.0388497e-03 -6.3304025e-05  2.3876020e-04 -2.0868143e-03
 -1.0709708e-03 -1.0750511e-03 -1.1552942e-03 -2.6356268e-03
 -4.5889500e-04  8.5160107e-04  8.8784605e-04 -6.1128556e-04
 -2.2994471e-03 -2.2272945e-04  7.9593144e-04 -1.1622267e-03
 -1.3663655e-03  5.1656461e-05  2.1369222e-03 -2.0544091e-03
 -4.7025108e-04  3.8106344e-04 -5.1516539e-04  5.1320129e-04
  1.3743354e-03  1.5860702e-03 -1.6139034e-03  3.9541646e-04
  1.6741167e-03 -2.1037899e-03 -3.4538608e-03 -1.6177470e-04
  5.5985199e-04 -1.8114926e-03 -4.8171933e-04 -1.4820453e-03
  1.1100075e-03 -8.1229839e-04  7.4395990e-05 -2.5292793e-03
  8.0329564e-04  1.5013596e-03 -1.3810213e-03  2.8549992e-03
  4.1127272e-04 -1.2803811e-03 -3.1652668e-04 -1.0917934e-03
  1.2103013e-03 -4.7765806e-04  8.3427288e-04 -4.3200830e-04
 -7.1273127e-04  2.4790200e-03 -8.8559481e-04  5.7783246e-04
 -1.8265987e-03  1.9090811e-03 -6.5596960e-04  2.5589180e-03
  1.7315841e-03 -1.2441969e-04 -6.5303227e-04  6.3585816e-04
 -4.0823888e-04  1.1569997e-03 -2.7804295e-04 -9.2546875e-04
 -6.3920289e-04 -1.0035733e-03 -6.2498834e-04  1.4463395e-03
 -8.4892049e-04 -1.4268496e-03 -1.3918433e-03  4.2197001e-04
  8.6498685e-04  1.2932088e-03  2.1011864e-03  3.8989497e-04
 -5.4815848e-04 -2.3241506e-04  1.4653837e-03 -8.3962688e-05
  3.4546752e-03 -4.2651515e-04 -7.9675775e-04 -5.4775749e-04]"
2,"[-2.3824708e-03 -1.2906671e-03  9.9308032e-04  2.1690181e-03
  5.3540646e-04 -1.4988404e-03  9.1760157e-04  3.1789567e-03
 -8.2992914e-04 -1.9462367e-03  1.6614288e-03 -1.0408390e-03
 -1.7364689e-03  2.7662374e-03 -1.3722155e-03 -6.0497224e-04
  1.6486269e-03  2.0129639e-03 -1.5612064e-03 -2.2740620e-03
  9.2646916e-04 -1.2310123e-03  3.4632608e-03 -1.5703983e-03
  3.3540106e-03 -1.0846665e-03 -2.5357702e-04  4.0356177e-03
 -2.2648030e-03  1.9909162e-03  2.8225426e-03  1.0973506e-03
  1.5251136e-03 -4.9752474e-04 -1.3110039e-03  5.0015142e-04
  1.0422828e-03 -1.7255067e-03 -9.7806938e-04  2.5124382e-05
 -2.4255147e-04  8.8872219e-04 -3.0569594e-05 -2.8057722e-03
  1.3263172e-03  2.3536817e-03 -1.6351572e-04 -2.2753770e-03
  1.3341017e-03  1.9991903e-03  2.1783698e-03 -9.5996875e-05
 -2.3598047e-03 -1.4390773e-03 -9.2751303e-05 -1.9408014e-03
  3.1191096e-04  1.3878341e-03 -8.4451289e-04  9.4530004e-04
 -3.5028334e-03  8.8874903e-04  3.7688692e-03 -1.6837191e-03
 -3.1463024e-03  9.4089861e-04  2.0170412e-03 -1.1439222e-03
 -2.8776869e-03  8.8899100e-04  1.8408023e-03  7.9558976e-04
 -2.2018430e-04  9.2024356e-04 -2.5673918e-04 -2.1267119e-03
  2.8426517e-03 -8.8263879e-04 -1.9488955e-03  3.0729925e-04
 -2.5126557e-03 -5.5289239e-04 -5.9958827e-05  3.0368525e-03
 -2.5376673e-03 -2.2528803e-03  3.2064833e-03 -3.2142419e-03
  1.3981649e-03  1.7433774e-03 -1.5384636e-03  7.4176048e-04
  1.5089907e-03 -1.8336950e-03  2.8391667e-03  4.7315136e-04
  1.5548654e-03 -1.6076484e-03 -5.5899447e-05  2.0645377e-03]"
3,"[-7.78702786e-04  1.47232413e-03 -6.50299597e-04 -5.91090415e-04
 -3.27543268e-04 -1.74384774e-03 -1.09776542e-04  1.50871789e-03
 -8.32401856e-04  1.26747577e-03 -1.23982679e-03 -1.00532058e-03
  5.93874829e-05 -7.22910627e-04  1.11767929e-03 -7.46414822e-04
  5.73406054e-04 -6.92537869e-04 -1.49470964e-03 -1.88145414e-03
  1.17318833e-03  1.89867307e-04  2.34158617e-03 -3.49360023e-04
 -2.47409847e-03 -7.50106352e-04 -1.09912537e-03 -1.17311708e-03
 -5.28423290e-04 -1.26818742e-03  1.53807225e-03 -5.21367649e-04
  2.22079176e-03 -1.05504121e-03  7.02030433e-04  4.15984046e-04
  2.00606664e-04 -8.58870510e-04 -7.33102381e-04 -3.91062902e-04
  9.03639419e-04 -1.51712564e-03 -2.64916249e-04  5.42949492e-05
  2.36049571e-04 -2.79115950e-04 -1.51154352e-03 -6.50570844e-04
  1.10735162e-03 -4.35323716e-04  3.20331892e-05 -1.63037074e-03
  9.95059614e-04  1.04103738e-03 -1.80635732e-04  2.59799883e-03
  1.25834474e-03 -3.60695150e-04  9.77410120e-04  8.46130541e-04
  1.52733002e-03 -1.37030415e-03  1.22218014e-04  1.38542324e-03
  9.73875809e-04  2.18510395e-03 -8.71002907e-04  1.47118850e-03
 -2.00787978e-03  1.36712613e-03 -2.07641278e-03  1.93962769e-04
  1.62244344e-03 -2.60478380e-04  1.13624369e-03  1.38194393e-03
  1.41635071e-03 -7.78344285e-04 -4.46196878e-04 -1.21240516e-03
 -1.94070442e-03 -3.20982372e-06 -8.69245443e-04  2.17460096e-03
 -1.15842291e-03 -5.92744211e-04 -5.36754123e-05  1.29620067e-03
  9.96595132e-04 -4.37474693e-04  1.79842382e-03 -1.01783495e-04
 -9.53834970e-04 -6.57171477e-04 -7.87949029e-05 -7.18107231e-06
  4.07867628e-04  6.31532399e-04 -7.33202323e-04 -1.52583106e-03]"
4,"[-2.3002836e-03  1.9767710e-03 -1.8580035e-04 -4.9468881e-04
  2.2983900e-04 -5.9269421e-04 -9.4125111e-04  1.8137136e-03
 -1.5334821e-03  5.1481731e-04 -1.2253103e-03 -7.6916501e-07
 -9.5475189e-05 -1.3589932e-04  1.6471203e-03  1.8795182e-04
 -9.4558985e-04 -1.6287009e-03 -4.0474153e-04 -1.8839848e-03
 -2.3380801e-04  3.3483995e-04  1.8314352e-03  7.4927048e-05
 -1.3504776e-03  3.5430166e-05 -4.8261991e-04 -1.1942650e-03
  9.7300021e-05  1.2901572e-04  1.4233805e-03  5.1349192e-04
  5.0627213e-04 -1.0650139e-03  6.8281591e-04  7.9293863e-04
 -3.6255553e-04  1.2979622e-04 -1.3579961e-03 -1.2878103e-04
  1.0245863e-03 -1.4950942e-04 -1.3741545e-03  2.0610180e-04
  2.9463469e-04 -1.0579757e-03  3.3588411e-04 -4.5382194e-04
  1.0395164e-03 -1.4474351e-04  4.2980738e-04 -1.6198913e-03
  4.9624365e-04  2.7960687e-04  6.6037412e-04  3.4569335e-04
  3.1030900e-04 -9.5473934e-04 -8.5990969e-04 -7.8439311e-04
  8.9820061e-04  1.0438239e-03  1.3008759e-03  1.4859822e-04
  4.1830914e-05  2.9525004e-04  6.4320589e-04  2.6004934e-03
 -7.6852832e-04  1.1555917e-03 -1.9438980e-04  2.5643417e-04
  8.7944456e-05  1.2676834e-04  1.0186168e-03  4.6516935e-04
  9.3743962e-04 -5.6255120e-04 -4.8682652e-04  2.3346145e-04
 -2.6913846e-04 -2.3098933e-03 -8.2864257e-04  3.6846852e-04
 -4.6399975e-04 -8.9032378e-04  8.4590819e-04  1.9361466e-03
 -3.5452007e-04  1.9715729e-04  1.2583289e-03  1.2324674e-03
 -1.7591909e-03  1.6598043e-03  2.0234515e-03  1.0873260e-03
  2.9713083e-05  6.9475931e-04 -9.8289736e-04 -3.5788218e-04]"
5,"[-1.0352622e-03 -1.5254191e-03 -2.2262889e-03 -3.4736795e-04
  1.1959270e-04 -2.6477424e-03 -1.3838862e-03  6.7790211e-03
  3.6018826e-03 -2.3993661e-03  3.7375372e-03 -2.6472872e-03
 -7.5897900e-04 -1.3797455e-03 -2.1653825e-03 -7.9108635e-05
  1.4223937e-03 -4.1901348e-03 -2.2721321e-04 -7.2490196e-03
  3.1663254e-03  1.9830554e-03 -1.1718681e-03 -2.0458966e-03
 -2.7581477e-03 -1.4932296e-03 -8.9893164e-04 -4.1714148e-03
 -1.2650671e-03 -3.9404351e-03 -9.6240942e-04  5.8599544e-04
  3.4049558e-03 -1.0370673e-04 -3.2566343e-03  1.0863377e-03
  4.9718241e-03  1.6081206e-03 -2.5898125e-04  6.6125591e-04
 -1.3384934e-03  5.3048390e-04 -4.7651294e-04  4.2811269e-05
 -8.4344071e-04  5.0847237e-03 -3.0197515e-03  8.5971702e-04
  8.8204246e-04  1.4017064e-03 -5.4126186e-04  2.5926495e-03
  1.8877141e-03 -2.6435365e-03  5.7411441e-03 -3.3939558e-03
  5.8900281e-03 -1.1429680e-03  1.3018865e-04  2.8495789e-03
 -2.0172689e-03 -2.9554081e-03  8.1049016e-04 -3.5413965e-03
  9.8517560e-04  1.2862044e-03 -1.0457083e-03 -1.7410470e-04
 -1.1748811e-03 -2.6527746e-03 -2.6698541e-03  2.1236632e-03
  3.5382176e-03 -1.9592422e-03  1.6817722e-03 -1.2291274e-03
  2.9957972e-03 -2.8745097e-04 -3.8966644e-03 -1.7410927e-03
  8.3843444e-04  3.3400292e-03  2.0125941e-03  1.7382568e-03
  1.4916661e-03  4.4908384e-03  5.0165236e-04  6.0763210e-05
  1.2923165e-03 -1.3869773e-03 -2.1926935e-03  4.3451656e-03
  5.6504998e-03  4.6627489e-03  1.3787888e-03  5.3000380e-04
 -4.1978769e-03 -3.5697324e-03 -9.7723235e-04  7.2696898e-03]"
6,"[-1.43563753e-04 -1.43958721e-04 -1.55402906e-03  1.04383717e-03
 -4.30628983e-03 -3.15826992e-03  4.92460746e-03  7.64469383e-04
 -1.23913621e-03 -2.21280046e-04  1.21472217e-03 -1.01096928e-04
 -3.36392387e-03  8.25961877e-04 -3.62044573e-03 -1.99763826e-03
  1.48618221e-03 -9.76167852e-04 -1.75324897e-03 -1.24732545e-03
  1.47628889e-03 -1.10878691e-03 -1.39438722e-03 -8.56949264e-05
  6.08085888e-04 -3.22832935e-03  1.95810734e-03 -2.33292067e-03
 -1.68215972e-03  1.00770534e-03  1.15326536e-03 -1.73932314e-03
 -1.48992322e-03  5.85258997e-04 -1.74427917e-03  1.49554643e-03
 -1.03722494e-04 -2.35746033e-03  1.53914501e-03 -1.38916029e-03
 -6.28340131e-05 -5.33552899e-04 -2.40910659e-03  1.03339658e-03
 -2.69751094e-04  1.53132167e-03  1.14686892e-03 -9.69698478e-04
  1.07482483e-03 -6.18807273e-04  1.86863402e-03 -2.35260511e-03
  1.02190871e-03  9.79559845e-04  2.38392415e-04 -5.10780046e-05
 -7.09921937e-04 -7.23931997e-04 -7.96099412e-05  1.30584219e-03
  3.09993187e-03  9.05879540e-04  8.58114043e-04 -2.96479068e-03
 -1.82362169e-03  1.52722132e-04 -1.78064336e-03  2.95429514e-03
  2.28979639e-04 -1.79640029e-03  1.53769320e-03 -5.77942177e-04
  3.17337137e-04 -1.44694222e-03  5.07493038e-04  3.10070813e-03
 -5.66461217e-03 -5.88413794e-04 -3.26547422e-03  1.73461871e-04
  1.91543926e-03  6.47521345e-04 -1.31659198e-03  2.04074034e-03
  1.05635833e-03 -1.39292690e-03  1.08042371e-03 -7.44609511e-04
 -1.29358552e-04  3.15530109e-04  3.78938508e-04  2.25988356e-03
 -1.09264115e-03  3.21369851e-03  1.16474042e-03 -1.32184557e-03
 -4.69431718e-04 -1.37001439e-03  2.42781430e-03 -3.36393574e-03]"
7,"[ 7.6073728e-04  2.2731104e-03 -3.4114029e-04  1.5049963e-03
  9.2951523e-04 -3.3231562e-03  3.2924204e-03  4.4219177e-03
 -3.8827383e-03 -2.5032975e-03 -7.3369061e-05 -2.6206234e-03
 -5.5275077e-04  1.6443431e-03  1.5560865e-03 -2.0702658e-03
  7.0823467e-04 -3.7116042e-05 -1.4965624e-03 -6.3211564e-04
  2.2329350e-03 -1.8100877e-03 -1.0388166e-03 -1.5781492e-03
 -1.5895289e-03 -1.0739599e-03 -6.2073389e-04  1.3883183e-04
 -1.5375227e-03 -1.2918189e-04 -6.8764179e-04 -1.4336050e-03
 -2.8209685e-04 -2.7586231e-03 -4.7152088e-04 -1.0065135e-03
 -6.4676034e-04  2.1934740e-03  1.6876644e-03 -1.6780994e-03
  1.6061410e-03 -1.0398898e-03  1.7144543e-03  9.0495870e-04
  1.2087210e-03 -3.0170550e-04 -3.3254258e-03 -1.0470499e-03
  9.8407827e-04  7.3402189e-04 -2.5027164e-03 -6.8009115e-04
  1.3955601e-03 -3.7427731e-03  3.4466111e-03 -2.8129097e-03
  5.1760493e-04  1.6006971e-04 -3.1240880e-03  4.1584461e-03
 -7.2087202e-04 -7.0586480e-04  7.3289347e-04 -2.7043214e-03
 -1.6575375e-04  1.4876650e-03  2.7181790e-03  3.0239157e-03
 -5.7801855e-04 -1.7927241e-03 -1.0166834e-03  2.4005815e-03
  2.5366426e-03 -1.9160128e-03  3.3774844e-03  6.9950300e-04
  6.3966843e-04  1.3988280e-03 -1.1527407e-03 -9.9252374e-04
  1.1206300e-03  3.0808062e-03 -1.8759756e-03  2.7496449e-03
 -9.5071184e-04  1.7132947e-03 -2.3176852e-05 -6.5650791e-04
  3.3314980e-03  1.5845327e-04  2.8502150e-03  1.1597347e-03
  1.1603129e-03  2.3440317e-04  4.3823579e-03  5.7024322e-04
 -4.4049157e-04 -1.7165042e-03  4.4029965e-03 -1.6864364e-03]"
8,"[-8.6266082e-04 -2.3146372e-03  2.4364830e-03  2.0487716e-03
  6.4015853e-06 -2.3560342e-03 -1.2241772e-03  3.0732905e-03
  4.3451757e-04 -2.1387322e-03  2.6770055e-03 -1.5131630e-03
  4.7773775e-04  3.1714975e-03  1.0905785e-03 -6.5639535e-05
  2.3178526e-03  3.2630359e-04  3.6568605e-04 -2.4169795e-03
  1.2821987e-03  1.2141569e-03  3.0772456e-03 -9.0248883e-04
  1.9877981e-03  5.3936534e-04 -3.0249418e-04  5.1337816e-03
 -3.1687014e-03  2.7674392e-03  2.8731381e-03  5.8309303e-04
  6.4621016e-04 -1.0407114e-03 -1.8868085e-03  1.4008412e-03
  3.6064413e-04 -2.7951295e-03 -7.9884881e-04 -7.8988727e-05
 -2.6481360e-04 -2.6968741e-04 -3.1402992e-04 -6.1515137e-04
  2.1118964e-03  3.1181350e-03 -6.5250864e-04 -4.6886039e-06
 -4.2055588e-04  3.6532065e-04  3.8453508e-03  9.5212710e-04
 -3.4235970e-03 -2.7502018e-03 -1.9151080e-04 -1.2674450e-03
  1.5443606e-04  2.6813830e-04 -1.9184515e-04  5.4380723e-04
 -2.0314227e-03  1.2285762e-03  2.0232454e-03 -1.3141644e-03
 -1.2997901e-03  2.1700298e-03  7.9894986e-04 -5.1125233e-05
 -1.7932175e-03  9.6938910e-04  2.8322171e-04  1.1587531e-03
  3.8647378e-04  9.0101923e-05  2.1454676e-03 -5.3354690e-04
  1.1434827e-03 -2.9705133e-04 -9.9585962e-04  3.9990287e-04
 -1.0888200e-03 -3.1787419e-04 -2.3969882e-03  3.5262401e-03
 -1.1866729e-03 -1.5552087e-03  1.2937428e-03 -2.3899321e-03
  2.2228516e-03  1.1497196e-03 -1.9044708e-05  1.0518007e-03
  6.9732306e-04 -1.3464695e-03  2.8450408e-03  5.0810055e-04
  3.6662584e-04  8.7769481e-04 -7.1961222e-05 -1.4162343e-05]"
9,"[-8.3462329e-04  1.6315253e-03  6.0250971e-04 -1.3054975e-03
 -1.0442906e-03 -2.4916611e-03  8.2439568e-05  1.7603328e-04
  3.0825724e-04 -2.6001295e-03  1.6494179e-03 -1.7400939e-03
 -2.9760212e-04 -1.5042169e-03 -6.3688686e-04 -1.6738568e-03
 -1.2069501e-03 -2.1200117e-03  3.4918310e-05 -2.7414255e-03
 -1.4119041e-03  1.3741287e-03  1.5000413e-03 -5.4478488e-04
 -1.2498132e-03  8.3490554e-04  1.2374368e-04 -1.6856526e-03
 -1.9351434e-04 -7.7868486e-04  1.0455350e-03 -1.7957004e-03
  1.2664836e-03 -1.0054177e-03 -8.1966689e-04  1.0075331e-03
  2.1723884e-03  1.6850553e-03 -1.2931945e-03 -8.5874068e-05
 -1.6562032e-04 -1.5957089e-03 -5.7546369e-04 -5.9157683e-05
 -6.8242452e-04 -1.8407818e-03  4.4446686e-04 -1.1702467e-03
  2.7764350e-04  1.4231078e-03  9.9752261e-04 -9.2558441e-04
  1.6212050e-03  1.1578790e-03 -1.3355840e-03  3.5390339e-04
  2.8879754e-03 -2.1306644e-03 -9.2943397e-04  1.3005742e-03
 -1.8022138e-04 -6.9484778e-04  1.3059911e-03  3.6307520e-05
 -5.9803773e-04 -1.2496913e-04 -1.5344236e-03  4.4590860e-04
 -1.0870188e-03  1.1974723e-03 -6.1084249e-04  6.8285342e-05
  1.5707078e-03  1.3376094e-03  5.8959110e-04  1.1806977e-04
 -3.0696555e-04  2.2042068e-04 -5.2007142e-04 -1.2345877e-04
 -3.1330256e-04  8.4472529e-05 -1.8090692e-03  1.2155581e-03
 -4.6154435e-04 -3.8667803e-04 -1.3527866e-03  1.9437595e-03
  1.3221269e-03  2.0699154e-03  2.7017738e-03  1.0925911e-03
 -1.2052297e-03  2.6168095e-04  1.2466590e-03  1.6462479e-03
  9.3257526e-04 -1.3542922e-03 -4.1861454e-04 -1.4668590e-03]"
10,"[-1.4000069e-04  2.4078069e-03  1.8011844e-03 -6.0302467e-04
 -1.0537913e-03 -2.1555126e-03  1.9090214e-04  1.9898722e-03
 -8.2079432e-04 -2.5756224e-03 -5.3385047e-05 -1.7410055e-03
  5.8153807e-04 -1.9889546e-03  1.4651489e-03  1.1037010e-03
  3.2292731e-04 -2.4343042e-03 -1.0766697e-03 -3.0040066e-03
 -8.3768723e-04  1.4307792e-03  1.0709184e-03 -1.4243848e-03
 -4.3264916e-03  1.8619245e-03 -1.6832678e-03 -8.6299272e-04
  1.7361775e-03  6.7088476e-05 -2.7609561e-04 -7.0075883e-04
 -4.3686412e-04  9.1304952e-05 -1.9316564e-04  1.6043163e-03
  2.5250451e-03  1.1787623e-03 -2.1031532e-03 -6.4487330e-04
  5.6120090e-04 -2.1592474e-03 -1.7215995e-03 -2.2858554e-04
  7.7193562e-04 -1.9366690e-03 -1.2472746e-03 -1.6416868e-03
  4.3128751e-04  9.3102158e-04 -4.9442670e-04 -8.5812790e-04
  2.0000907e-03 -1.1561856e-03  4.6696939e-04  1.5219502e-03
  1.7047415e-03  6.7886326e-04  1.5843806e-03  6.0472696e-04
 -1.9891437e-03 -1.7368193e-03 -8.0057725e-05  5.5596686e-04
 -9.1551570e-04  1.1964332e-03 -1.1525789e-03  1.8377643e-03
 -1.2392448e-03  7.1602809e-04 -1.2224880e-03  3.6359541e-04
  1.9949351e-03  5.4092373e-04 -3.0510873e-04  6.9805054e-04
  2.1751220e-03 -1.3382237e-03 -1.5411624e-03  1.3643394e-04
 -1.5599716e-04  4.2561631e-04 -2.2811437e-04  1.6210270e-04
  9.0866303e-04 -1.0384264e-03 -4.9066450e-04  8.6458877e-04
  8.2432170e-04  1.3582847e-03  1.2605269e-03 -5.2138453e-04
 -8.6290331e-04  3.0741433e-04  1.6733101e-03  7.4046617e-04
  1.2036576e-03  5.4993777e-04 -5.3081053e-06 -9.5097348e-05]"
11,"[-8.9035358e-04  4.1253697e-03 -1.9558165e-03  4.1521490e-03
  1.9673049e-03 -1.7181644e-03  6.9409073e-04  1.4477164e-03
  2.2694794e-04  1.9367994e-03  2.7809949e-03  3.4142786e-03
  1.1386145e-03  5.5218567e-03  1.5159459e-03  6.8661553e-04
 -7.4789685e-04  6.3034554e-04 -2.6128537e-03 -3.8445164e-03
 -1.3795620e-03  2.8381927e-04 -2.0470344e-03  2.4629175e-04
 -2.7272450e-03  2.5051311e-03  1.6465087e-03 -3.2819759e-03
  8.0036587e-04  4.2325575e-03  4.2665564e-04 -4.5930119e-03
  4.0628129e-04  2.0382714e-03 -9.4343338e-04  2.4626986e-03
 -1.1488441e-03  3.3697607e-03 -1.3053787e-03 -1.9144178e-03
  4.8750308e-03 -1.5726503e-03 -3.8336874e-03  3.3641348e-03
 -7.1291230e-05  1.1968425e-03  1.6754681e-03 -4.8366752e-03
  3.4728912e-03  9.2274405e-04  1.1217282e-03 -2.1579461e-03
  1.4269759e-03  2.3345347e-03 -1.7980770e-03  1.1417370e-03
 -3.1156053e-03 -1.7177149e-03 -4.3973620e-03 -2.5381992e-04
  3.4347917e-03 -1.7478608e-03  1.4673248e-03 -2.7739443e-03
  9.1899052e-04  7.7520160e-04  3.3228372e-03 -1.3586502e-03
 -2.7081603e-03  4.1753813e-03  1.5419470e-03 -8.7010162e-04
 -5.1069033e-04 -1.4512060e-03  1.1657340e-03  1.4109344e-03
 -3.1804752e-03 -9.4164710e-04 -9.1495330e-04 -4.7864180e-04
 -3.7498749e-04  1.8766092e-05 -8.4254803e-04 -1.9512572e-03
 -7.4876042e-04 -9.8637282e-04 -2.4056705e-03  2.3064162e-03
  4.3744821e-04 -1.5726448e-03  1.1972308e-03  5.5481138e-04
  2.9971048e-03  2.8011147e-03  4.8369053e-03 -1.9006635e-03
  8.7670988e-04 -3.3572910e-04 -1.7065990e-03 -1.2858200e-03]"
12,"[-4.20256006e-03  1.40149496e-03  1.20316260e-03  2.31206650e-03
 -5.57271007e-04 -5.50849712e-04  1.60938024e-03  3.10181081e-03
  7.47872327e-05 -3.95778276e-04  3.75173544e-03 -7.13739020e-04
  4.39102514e-05  1.20658806e-04  9.43673076e-04  8.15895793e-04
  1.08464202e-03 -4.09358850e-04 -1.49187888e-03 -5.01635601e-04
  6.78763317e-04  6.46741828e-04  3.03859706e-03  1.54502236e-03
  1.43874052e-03  8.24699237e-04 -9.41315448e-05  1.23533932e-03
  6.14640536e-04  4.79642389e-04  3.55548132e-03 -1.76869193e-03
  1.57183444e-03 -2.13995063e-05 -2.51618156e-04  1.21448387e-03
  3.04299383e-03 -1.10846653e-03 -5.56478510e-04 -3.72819428e-04
 -1.17862457e-03 -4.17319476e-04 -4.68516839e-04 -8.05482327e-04
  2.23962459e-04 -2.41025724e-03  9.98373027e-04  1.16044760e-03
 -2.42903852e-03 -2.02568271e-03  5.00463822e-04  6.53173251e-04
  4.06888896e-04 -1.12221378e-03 -1.25947362e-03 -1.49661873e-03
  1.25106468e-04  5.90534532e-04 -6.89219858e-04  4.74839588e-04
 -4.31624998e-04  1.34313805e-03  6.75950025e-04 -1.75950016e-04
 -9.06580652e-04  1.53207744e-03  3.60106328e-03  2.89694825e-03
 -4.71821550e-05  2.73997639e-03  1.67671929e-03 -7.90088452e-05
  2.28184252e-03  1.39276730e-03 -1.68626336e-03 -1.14965555e-03
 -6.64544466e-04 -1.68674916e-03 -8.34697683e-04 -3.47608677e-03
 -4.06717323e-03 -8.32415681e-05  1.05382153e-03 -6.08390663e-04
 -3.58441193e-03  7.18079158e-04  1.97550375e-03 -3.72774177e-03
 -4.31838445e-03 -2.17144261e-03  1.34242745e-03 -2.37054378e-03
  1.32694270e-03 -2.48231832e-03  1.24642171e-03 -2.17043460e-04
  1.23882678e-03  3.67264933e-04 -4.22120182e-04  2.91837845e-04]"
13,"[ 1.5997442e-03  4.0907594e-03  1.4146743e-03 -3.5008607e-03
  6.9932389e-04  1.2965872e-06  1.9178584e-03  1.3785886e-03
  2.8524620e-03 -1.9509680e-04  8.3736202e-04 -2.6647518e-03
  2.4027805e-04  3.0426185e-03 -1.3567714e-03  4.0176767e-03
 -1.2718865e-03 -3.9801066e-04 -5.8205531e-04 -1.5351695e-03
  1.1520147e-03  3.8487841e-03 -1.5812011e-03 -1.3334540e-03
 -4.2348760e-04  2.0231195e-03  1.7156588e-03 -3.6812376e-03
 -8.2192384e-04  1.1800941e-03  1.2385678e-03 -1.5438041e-04
 -6.2281097e-04 -2.7311596e-04  1.9235865e-03  2.4632318e-03
  2.1756657e-03  4.5588743e-03  2.3820307e-03 -2.3032803e-04
  1.2540177e-03 -3.1080964e-04 -2.1632737e-03 -1.8843152e-03
  1.7390073e-05  1.5510072e-03 -1.9359714e-04  2.2036659e-03
 -2.4577295e-03  1.8926617e-03  2.3301462e-04  7.3509075e-04
 -8.7771629e-04  1.4111374e-03 -5.3603470e-04  3.1504624e-03
  5.2809087e-04 -3.6381603e-05  1.9386677e-04  1.9630638e-03
  8.4209198e-04 -3.3475589e-03  2.1200709e-03  1.3198580e-03
  1.3281578e-03 -1.7311063e-03  3.4527783e-03 -2.0667322e-03
  2.4047240e-03  1.3729075e-03  1.2311122e-03  5.9047580e-04
 -2.9866718e-04 -1.8323880e-03 -4.0480829e-04 -7.8100612e-04
  7.5676874e-04 -2.1450419e-03  1.8345637e-04  3.3346962e-03
  9.0992451e-04  1.9120664e-03 -5.7700148e-04 -3.9060588e-03
 -1.5868939e-03  4.8235728e-04 -1.1070145e-03  2.0856757e-03
  2.3186621e-03  5.8520527e-04  7.5814000e-04 -7.0105714e-04
  7.3486951e-04 -6.3887237e-05  1.7985698e-03 -9.0845628e-04
  7.5584278e-04  7.0503139e-04 -9.8164286e-04  1.1841378e-03]"
14,"[-1.4908734e-03  2.7777825e-03  1.9695491e-03  3.7042584e-04
 -2.8198826e-04 -2.8871053e-03  3.4098274e-03  2.2287769e-03
 -4.0335683e-03 -6.0166805e-03 -2.1066255e-04 -2.6222214e-03
 -2.0481294e-03 -5.0949864e-04  4.5895171e-03 -7.6179858e-04
 -4.8902646e-05  6.9684611e-04 -7.0939999e-04 -2.6352899e-03
  2.8355254e-03 -1.9189131e-03  1.8076714e-03 -1.0988835e-03
 -3.8318700e-04  3.0780866e-04 -4.0908507e-03 -1.7088525e-03
 -1.3977120e-04  1.1450805e-03 -4.6729957e-04 -1.0862657e-03
  5.1142985e-04 -8.8191894e-04  1.3774361e-03  6.0797611e-04
  8.0518407e-04  1.2496109e-03  9.2178251e-04 -5.6910596e-04
  9.3342998e-04 -1.0863959e-03  1.2236618e-03  2.2348305e-03
 -1.1143114e-03 -5.7191629e-04 -3.9277133e-03 -1.1986046e-03
  1.7607424e-03  1.3965097e-03  9.2088667e-05 -6.4618705e-04
  1.7501462e-03 -3.0574137e-03  3.9054670e-03  1.2202866e-05
  1.3014670e-03  2.4146589e-03 -3.0127394e-03  4.5631062e-03
 -2.8766894e-03  8.0907741e-04 -8.8925340e-04  1.6130507e-04
  2.5282428e-04  1.6463060e-04  8.1416033e-04  2.2875399e-06
  1.7602432e-03 -2.0201842e-03 -2.3995915e-03  1.3235912e-03
  9.1041537e-04 -3.2391434e-04  3.1950295e-03  5.7261478e-04
  6.2873028e-04  9.9796895e-04  9.1924029e-04 -1.4071265e-03
 -4.1094684e-04  3.2620979e-03  2.1224651e-03  3.5604062e-03
 -1.5487171e-03  2.7733685e-03  1.4676936e-03  9.0437609e-04
  2.4675347e-03 -9.1079879e-04  3.3104874e-03  2.3660727e-03
  2.3314175e-04 -1.3954184e-03  2.4565498e-03  9.8905759e-04
 -7.1978773e-04 -2.5995702e-03 -7.9125137e-05 -1.1253699e-03]"
15,"[ 1.4033166e-03  2.0460426e-03 -1.1179068e-03 -9.5034018e-05
  4.0877662e-03 -2.0718682e-03  1.6392994e-03  1.1830716e-03
 -1.9534109e-03 -2.6556039e-03  1.7574687e-03 -6.1569158e-03
 -2.4698810e-03 -2.1284078e-03  5.8873454e-03 -9.8427467e-04
  2.7136295e-03 -7.7422836e-04  2.4078833e-03  4.5830174e-03
 -8.9816982e-04  3.7743216e-03 -3.0284068e-03 -4.8232973e-03
 -2.4969662e-03 -1.4560202e-03 -5.2892035e-03 -5.1083472e-03
  6.1171956e-04 -4.4602803e-03  9.3652320e-04  8.4019802e-04
  1.9313723e-03  9.9256588e-04  1.1818733e-03  7.1819713e-03
 -3.5773218e-04  1.9880785e-03 -1.1610661e-03 -2.9592267e-03
  3.7274957e-03 -2.5427572e-03  4.5653102e-03  2.1845563e-03
 -1.8106392e-04  1.7647014e-04 -1.9962930e-03 -2.1536846e-03
  2.4549323e-03 -5.3790217e-04 -9.4392174e-04  5.5961725e-03
  6.2532742e-03  4.2883903e-03  1.7182548e-03  1.7450848e-03
 -1.0728111e-03 -4.4707176e-03 -1.0409844e-03  1.9882994e-03
  9.8933210e-04  2.6696716e-03 -3.5985433e-03  7.8225345e-04
 -8.5255335e-04 -1.0014261e-03 -2.5692787e-03 -6.9668377e-04
 -6.9412799e-04  1.4287659e-03 -9.9564670e-05 -9.7606791e-04
  5.5444203e-03  3.9650793e-03  5.1269471e-03  3.1017242e-03
  4.9033966e-03  2.0828345e-03  1.0765921e-03  1.6221919e-03
 -1.6635048e-03  2.7217120e-03  2.7527909e-03  3.0908198e-03
 -9.6467638e-04  5.3203804e-03  9.5855817e-04  9.2769042e-06
  2.8116733e-04 -2.9525603e-04  2.3080304e-04  3.3383374e-03
  9.6824707e-04 -3.5241619e-04  5.2109151e-04  5.9124599e-03
 -7.2963219e-03  1.3433459e-03  3.8792891e-03 -1.6639996e-03]"
16,"[ 1.95304397e-03  6.68281049e-04  9.67510394e-04  2.54504383e-03
  9.59089026e-04 -1.30628108e-03  2.91775656e-03  1.25778886e-03
 -3.62391770e-03 -1.01299747e-03  2.03495892e-05 -2.46439315e-03
 -2.10520157e-04 -4.37148614e-04  2.54007219e-03  2.28175079e-03
  1.93216652e-03 -9.82350670e-04 -2.13435665e-03 -3.69382114e-03
  1.07594766e-04  3.93478712e-03 -1.02422875e-03 -1.62752939e-03
 -2.49193050e-04  2.14313413e-03 -2.36449647e-03  1.27558364e-03
 -6.96488656e-04  2.00803322e-03 -1.02288998e-03 -1.08939863e-03
  1.47526909e-03 -3.66997905e-03 -1.90804480e-03  2.07144814e-03
  1.51766371e-03 -1.71318732e-03 -7.50451465e-04 -1.10403064e-03
 -3.01119813e-04 -4.90953506e-04  3.57899880e-05  2.46302108e-03
  1.67843432e-03  1.71450456e-03 -6.21390762e-04  3.63352214e-04
 -3.70452501e-04  1.04269758e-03  7.85298529e-04 -1.29836600e-03
  2.50901037e-04 -7.97660672e-04 -1.68412924e-03 -8.08010518e-05
  1.48047332e-03  2.31166766e-03  4.62292955e-04  5.91208460e-04
 -1.79280189e-03 -1.13837898e-03 -7.23546487e-04  3.69839661e-04
  1.35819777e-04  4.08375636e-03 -1.43162883e-03  1.64765876e-03
 -2.27860035e-03  6.54162490e-04 -1.84935331e-03  7.19250471e-04
  1.72266492e-03 -3.08333285e-04 -1.26832121e-04 -1.36063586e-03
 -1.62402785e-03  1.67937332e-03 -8.68720934e-04 -1.61166361e-03
 -2.99106352e-03  1.04028417e-03 -1.67990933e-04 -2.02367592e-04
  7.90090475e-04  1.30889646e-03  1.95770571e-03 -3.58625221e-05
  1.42001803e-03 -5.23140479e-04  1.97045761e-03  8.60851665e-04
 -2.25016242e-03  8.79226020e-04  2.33900826e-03 -6.42952858e-04
 -5.56366926e-04 -2.73962296e-03  9.51962429e-04  1.33053260e-03]"
17,"[ 3.29713477e-03 -1.13302376e-03 -2.73513165e-03 -2.49525672e-03
 -1.53649788e-04  2.27121069e-04  1.81408145e-03  3.79453925e-03
 -5.34034846e-03  1.75674315e-04 -2.87458999e-03  1.05077319e-03
  2.11318853e-04  4.35276097e-03 -1.12968555e-03  4.94922919e-04
 -4.25298029e-04  6.39986712e-04  1.75326818e-03 -2.11001677e-03
 -2.24076631e-03 -2.81958771e-03  1.43312837e-03 -1.94276683e-04
  1.49573630e-03  3.76008858e-04 -9.74161434e-04 -3.34242068e-04
 -6.21273823e-04 -7.17766525e-04  2.70223175e-03  7.85499637e-04
 -4.06776275e-03 -4.06484026e-03  1.00360997e-03  9.96761140e-04
 -1.53953151e-03  2.75002996e-04  4.69407270e-04 -3.37720179e-04
 -6.12583826e-04 -1.73286372e-03 -8.77645143e-05  4.04786784e-03
  1.33342668e-03 -1.89131685e-03 -3.04347323e-03  2.24342733e-03
  2.02958961e-03 -5.25516272e-03  1.32169016e-03  2.11844756e-03
 -1.99573324e-03 -1.72675401e-03  1.71766267e-03 -1.21024507e-03
 -2.68810010e-03 -6.46163302e-04  2.86704837e-03 -1.89425435e-03
  7.51080050e-04 -8.88203795e-04  9.25918226e-04  4.92359977e-03
  1.37109309e-04  3.76403960e-03  4.27503278e-03  1.09522603e-04
 -4.51472728e-03  2.95244856e-03 -4.79009002e-04  2.55096215e-03
 -3.21944850e-03  9.78832133e-04  1.66935811e-03 -1.82047326e-04
 -3.50910798e-03  1.10380934e-03  4.55058587e-04  8.63247202e-04
 -1.68497325e-03 -2.32444471e-03  1.06035941e-03  4.65467747e-04
  1.36693008e-04 -2.41014946e-04  2.77943700e-03  3.11434641e-03
 -1.16064875e-04 -3.42741376e-04 -8.80727428e-04 -9.45352294e-05
  3.83411278e-03  1.09169737e-03 -3.86009313e-04 -1.62884803e-03
  1.82068138e-03 -3.03636887e-03  3.96113428e-05  2.52875895e-03]"
18,"[-1.8068735e-04  3.8550401e-04 -6.8583805e-04  1.2992588e-03
  1.2971737e-03  1.8499404e-05  5.4384314e-04  2.8743325e-03
 -2.5237319e-03 -1.7968187e-03 -5.8932323e-04 -3.9606044e-04
 -1.3890690e-03  2.4048882e-03 -5.1732472e-04  3.8929950e-03
  2.5633804e-03 -2.4082129e-04  3.7268104e-04 -5.6166104e-03
 -6.3541438e-04  2.0180491e-03  2.9647886e-03 -1.7291090e-03
  6.3395896e-04  2.3256239e-04 -1.6872729e-03  5.6412281e-04
 -1.9857057e-03  2.3947540e-03  2.7224643e-04  2.5900230e-03
 -7.9460221e-04 -5.2894973e-03 -7.8542385e-04  3.2711471e-03
 -1.7951409e-04 -7.5121719e-04 -2.9724156e-03 -2.0959585e-03
 -1.2184767e-03  5.4712552e-03 -1.8005297e-03 -1.3575854e-03
  3.3582011e-03 -5.1193457e-04 -6.4363779e-04  2.9984655e-04
 -3.7089663e-04  2.4678470e-03 -2.4433639e-03 -1.0560638e-03
 -2.0802212e-03  2.6043218e-03  1.9297836e-03 -1.6828817e-03
 -1.5296489e-03  2.0768386e-03 -1.9109978e-03  3.9942157e-03
  1.1855167e-03 -9.3029946e-04 -3.2910059e-04 -2.2542665e-03
 -1.7349233e-03  8.7418355e-04  2.9657159e-03  4.4960727e-04
  1.3287936e-03  1.3908246e-03 -1.6971051e-03  2.6636971e-03
 -3.3136891e-04 -2.1213230e-03 -7.3514122e-04  2.1021087e-03
 -6.3979015e-04  1.3709828e-03 -4.5192536e-04 -2.9861080e-03
 -4.4780213e-04  3.2443064e-03  6.1312126e-04  1.7699166e-03
 -1.8997142e-03 -1.6562636e-03  3.0667915e-03  4.1864740e-04
  1.2403808e-03  1.7389947e-03 -5.6361056e-05  1.5862617e-03
  2.1592532e-03 -3.1117076e-04  1.5722524e-03 -1.0403816e-03
  1.5849429e-03 -1.2027674e-04  2.2529711e-03  1.5497702e-03]"
19,"[-2.3984618e-03  4.9329695e-04  1.7930693e-03  4.1331216e-03
 -1.5882619e-03  3.5637806e-04  5.0093350e-04  3.1847931e-03
 -2.4795590e-03 -1.0039351e-03  9.3688257e-04 -6.8481517e-04
 -1.3921604e-03  1.5479777e-03 -1.8512179e-03 -1.0405414e-04
  3.4813657e-03 -6.1079900e-04 -2.4572888e-03 -5.5699557e-04
 -1.6647066e-03 -2.6860394e-04  2.4010784e-03 -1.9863972e-03
  2.2790974e-03  1.2478918e-03 -3.3621071e-03  3.1253642e-03
 -2.5945756e-04  9.5333997e-04  2.5184064e-03 -2.1374859e-04
  6.9945701e-04 -2.0574550e-03 -2.1574257e-03 -1.1027146e-03
  5.9449882e-04 -3.4513555e-03 -2.5128984e-04 -9.2559383e-04
  1.0635973e-03 -1.1858170e-04  7.8270677e-05  3.7258447e-05
 -1.1466288e-03 -6.2028092e-04 -8.7265536e-04 -1.3033327e-03
 -1.1823666e-03  6.4886431e-04  2.7600138e-03 -4.7829052e-04
 -2.9698170e-03 -2.1754971e-03 -1.4663971e-03 -4.0207985e-03
  1.7255615e-03 -6.1839906e-04 -2.7829342e-04  2.1758791e-04
 -2.5243193e-03  7.8682177e-04  2.7035887e-03 -1.3299397e-03
 -2.8415800e-03  4.8288284e-04  1.1779978e-03  1.2946472e-03
 -3.6170231e-03 -1.0200645e-03  1.3260921e-03  2.2811638e-03
  3.0094778e-04  7.9668034e-04  1.7722958e-03 -6.7255169e-04
  1.8339015e-03  5.8475893e-04 -1.1487545e-03  9.9365972e-04
 -1.6505078e-03  9.2888431e-04  2.2288279e-03  4.4429819e-03
 -2.1843775e-03 -1.5085606e-05  2.0109417e-03 -2.0010420e-03
 -2.0259107e-03  1.2657302e-03 -1.3721896e-04  7.9851004e-04
  1.5216965e-03 -1.3939370e-03  3.3872493e-03  1.1461494e-03
 -2.6079564e-04 -1.1974034e-03  1.5354102e-03  1.0065283e-03]"
20,"[ 1.9020240e-03 -3.4319222e-04 -3.1952264e-03  2.9891601e-03
  3.2644489e-04 -7.5990427e-04 -1.4151518e-03  4.4603376e-03
 -8.8523701e-04 -1.7820537e-03 -2.1733956e-03  3.8194071e-04
 -9.5788151e-04  4.9713058e-03 -2.8953087e-03 -1.1144606e-03
  8.7329111e-04  1.0499039e-03  1.6214060e-04 -9.3206286e-04
 -8.7288173e-04 -1.5180835e-03 -2.3749012e-03  3.4449266e-03
  1.2052897e-03 -5.8949779e-04 -1.1790612e-03  2.6142562e-03
 -1.9125640e-03  6.5652427e-04  3.3615325e-03 -1.7582476e-03
 -3.3816919e-03 -9.1609999e-04  1.0790712e-03  8.1581931e-04
  2.1134892e-03  2.2298871e-03  1.9430106e-03 -2.0390877e-03
 -1.8445592e-03 -2.4264206e-03 -5.5031385e-05  2.4971140e-03
  1.5915319e-03 -3.5925019e-03 -9.6630596e-04  2.7596724e-04
  3.3867564e-03 -3.4276349e-04 -1.4576976e-03  3.3968111e-04
 -9.8737306e-04 -3.6016088e-03 -5.5921508e-04  1.0045252e-04
 -2.8391134e-03 -3.2509838e-03 -2.4719897e-03 -1.9216150e-03
  1.1075590e-03  1.0616624e-03  3.2121800e-03  2.8114843e-03
 -2.1236581e-03  3.2720992e-03  3.2950784e-03  1.3724462e-03
  1.0472456e-03  1.3179268e-03  8.4295485e-04 -2.7155632e-03
 -3.8917586e-03  6.8735395e-04  5.4691141e-03  3.0482847e-03
 -3.0608880e-03  3.1315812e-03  3.9638611e-04 -2.4601170e-03
 -1.8113045e-03 -8.1372028e-04  7.0071022e-04 -4.7233392e-04
 -6.4104976e-04 -1.2789876e-04  4.0694401e-03  6.3667924e-04
 -4.4220398e-04 -6.2282168e-04 -9.5388101e-04 -1.7649066e-03
  4.4568181e-03  1.3233280e-03  7.5031898e-04  1.6831288e-04
  8.3084457e-04 -1.4131369e-04 -1.8895788e-03  1.2173065e-03]"
21,"[ 1.7553534e-03  9.2793861e-04 -2.7275821e-03 -9.7178563e-05
  3.2272251e-04 -6.7915698e-04  3.8737981e-03  3.4745755e-03
 -6.0567941e-04 -1.5098389e-03  2.3182805e-03 -2.7070411e-03
  1.9821196e-03  1.4435677e-03 -1.0394345e-03 -7.7683787e-04
  3.9199921e-03  1.5017111e-04  3.9395900e-03 -6.5967874e-03
  3.1426104e-03 -2.7235728e-03 -2.1673406e-03 -1.3455027e-04
  1.9316450e-03 -2.7498277e-03 -7.5663388e-04 -8.2208589e-04
 -6.3100108e-04 -2.8289966e-03 -1.8838821e-03  4.3895217e-03
  3.6727605e-04 -1.3100022e-03 -1.6415188e-03  5.6925830e-03
  7.3376001e-04 -1.0293460e-03 -8.3078165e-04 -1.4884159e-03
  2.5171382e-04 -1.3413591e-03  5.8563217e-03 -1.6074084e-03
  4.6137027e-03 -2.4084002e-06 -2.3584350e-03  4.3494799e-04
  1.9656504e-03  2.8880571e-03  1.0513633e-03  3.9188890e-03
 -1.5717521e-03  1.7614249e-03  7.8428147e-04 -4.2447685e-03
  2.1003238e-03 -4.3806425e-04  1.9108742e-03 -4.7950451e-03
 -3.8663018e-04  9.0732606e-04  2.4461669e-03  1.8767128e-04
 -8.4062206e-04  2.8293455e-04 -8.7031879e-04  4.5413073e-04
 -2.4606106e-03 -4.1828468e-03  7.0641901e-05 -2.3716426e-04
 -9.5167570e-04  2.2618414e-03  4.1509601e-03 -1.9031744e-03
  3.2293887e-03  2.1348009e-05  8.7685621e-04  4.2847092e-03
  1.0149803e-03  1.7080215e-03 -3.3284153e-03  1.3192409e-03
  3.7125107e-03 -2.4654272e-03  1.3052826e-03 -1.5570713e-03
  2.7692134e-03  4.3356107e-03 -9.3606237e-04  3.5534885e-03
  2.5333550e-03  3.1078409e-03  5.6357794e-03  2.4899228e-03
  1.3969373e-03 -1.9695056e-03  3.8407620e-03 -6.2961504e-04]"
22,"[-2.3270848e-03 -8.4844441e-04  1.8316925e-03  3.0676571e-03
  3.7362103e-04 -2.3326949e-04  5.3927308e-04  3.0157617e-03
 -1.6399332e-03 -8.6602161e-04  2.1577266e-03 -1.1150873e-03
 -7.2690455e-04 -2.1960912e-04 -1.6495708e-03 -8.7959220e-04
  4.8215571e-03  3.6549245e-04  9.0545718e-06 -2.1383620e-03
  4.5762959e-04 -1.6669851e-03  2.6446977e-03  2.1643717e-04
  1.2893402e-03  5.0371524e-04 -1.3894052e-03  3.9615538e-03
  2.2603245e-04 -6.8212982e-04  2.5788965e-03 -1.0172520e-03
 -3.2659154e-04 -2.1217349e-03 -1.7192997e-03 -2.2346026e-03
  1.0713183e-03 -1.6881301e-03 -3.5429216e-04 -6.1689632e-04
 -5.5013876e-04  3.3608853e-04 -1.4246330e-03  2.9481741e-04
 -5.6932447e-04  5.0375646e-04 -6.5779866e-04 -4.8171458e-04
  2.0334539e-05  2.1049832e-03  2.4103038e-03 -4.5051993e-04
 -4.1955514e-03  1.3497261e-04 -1.6907781e-03 -2.3729536e-03
  8.7087281e-04  9.2292881e-05 -6.6110144e-05  1.3898764e-03
 -2.1483153e-03  7.2035025e-04  2.4347687e-03 -1.2974610e-03
 -1.7142859e-03  8.6578081e-04  1.3844611e-03  8.4786059e-04
 -2.2346356e-03 -4.1821211e-05  2.4781565e-03  3.3279958e-03
  1.2363725e-03 -1.2245168e-03  1.2584503e-03 -3.1643936e-03
  6.3296541e-04  2.0307931e-03 -2.2582125e-03  9.2616660e-04
 -1.2778486e-03  3.7932617e-04 -1.9456992e-04  1.1937497e-03
 -5.3406419e-04 -1.3588612e-03  3.2639436e-03 -1.9368529e-03
  1.3594494e-04 -6.6728925e-04 -2.5080638e-03  2.8911410e-04
  2.1994850e-03 -2.6350773e-03  4.3067588e-03 -3.1524961e-04
  8.2299853e-04 -3.6211219e-04  1.2402009e-03  1.7443164e-03]"
23,"[ 1.95304397e-03  6.68281049e-04  9.67510394e-04  2.54504383e-03
  9.59089026e-04 -1.30628108e-03  2.91775656e-03  1.25778886e-03
 -3.62391770e-03 -1.01299747e-03  2.03495892e-05 -2.46439315e-03
 -2.10520157e-04 -4.37148614e-04  2.54007219e-03  2.28175079e-03
  1.93216652e-03 -9.82350670e-04 -2.13435665e-03 -3.69382114e-03
  1.07594766e-04  3.93478712e-03 -1.02422875e-03 -1.62752939e-03
 -2.49193050e-04  2.14313413e-03 -2.36449647e-03  1.27558364e-03
 -6.96488656e-04  2.00803322e-03 -1.02288998e-03 -1.08939863e-03
  1.47526909e-03 -3.66997905e-03 -1.90804480e-03  2.07144814e-03
  1.51766371e-03 -1.71318732e-03 -7.50451465e-04 -1.10403064e-03
 -3.01119813e-04 -4.90953506e-04  3.57899880e-05  2.46302108e-03
  1.67843432e-03  1.71450456e-03 -6.21390762e-04  3.63352214e-04
 -3.70452501e-04  1.04269758e-03  7.85298529e-04 -1.29836600e-03
  2.50901037e-04 -7.97660672e-04 -1.68412924e-03 -8.08010518e-05
  1.48047332e-03  2.31166766e-03  4.62292955e-04  5.91208460e-04
 -1.79280189e-03 -1.13837898e-03 -7.23546487e-04  3.69839661e-04
  1.35819777e-04  4.08375636e-03 -1.43162883e-03  1.64765876e-03
 -2.27860035e-03  6.54162490e-04 -1.84935331e-03  7.19250471e-04
  1.72266492e-03 -3.08333285e-04 -1.26832121e-04 -1.36063586e-03
 -1.62402785e-03  1.67937332e-03 -8.68720934e-04 -1.61166361e-03
 -2.99106352e-03  1.04028417e-03 -1.67990933e-04 -2.02367592e-04
  7.90090475e-04  1.30889646e-03  1.95770571e-03 -3.58625221e-05
  1.42001803e-03 -5.23140479e-04  1.97045761e-03  8.60851665e-04
 -2.25016242e-03  8.79226020e-04  2.33900826e-03 -6.42952858e-04
 -5.56366926e-04 -2.73962296e-03  9.51962429e-04  1.33053260e-03]"
24,"[-1.5265128e-03 -1.0131574e-03  2.8580765e-03  2.9768255e-03
  1.0741367e-04 -1.4671966e-03 -1.6341679e-03  3.4307588e-03
  5.6213996e-04 -9.6119894e-04  2.5303718e-03 -1.9856454e-03
  1.5820354e-03  2.8741143e-03  5.6110678e-04 -6.2864472e-04
  3.6632069e-03 -3.4567178e-04 -3.1345818e-04 -2.7046038e-03
  3.9970485e-04  2.5993329e-04  2.3772593e-03 -4.1515006e-05
  2.3413058e-03  1.7295839e-03 -1.5031870e-03  4.6565030e-03
 -2.0187718e-03  2.8734684e-03  2.9030212e-03 -8.1919672e-05
  1.1813001e-03 -1.1304819e-03 -2.5223661e-03  1.1978564e-03
  7.0697127e-04 -3.1364821e-03 -3.2482273e-04 -2.6755975e-04
  2.8128322e-04 -2.7492209e-04  3.3977837e-04 -5.1452522e-04
  7.1742036e-04  2.1711329e-03 -7.4928801e-04 -2.6440987e-04
 -2.3503150e-03  2.5961889e-04  4.0105460e-03  6.4287533e-04
 -3.4354948e-03 -1.5245269e-03 -1.7823505e-03 -2.4580290e-03
  3.5992591e-04 -2.3882519e-04 -4.6078971e-04  5.6090445e-04
 -1.4491674e-03  1.2163084e-03  1.5145179e-03  2.0649820e-04
 -7.5874123e-04  1.6650294e-03  1.9965749e-03  1.0383034e-03
 -1.9905353e-03  1.4953383e-03  9.5809373e-04  2.0018886e-03
 -1.1710043e-05 -5.0021708e-04  2.6300610e-03 -1.3420122e-03
  7.6186500e-04  1.1123314e-03  2.6931163e-04  6.8979023e-04
 -9.4790495e-04 -9.0637163e-04 -8.5419166e-04  2.8261924e-03
 -1.4195241e-03 -8.0427900e-04  1.6997739e-03 -2.5297883e-03
  9.7518612e-04  7.4128620e-04  9.8195637e-04  4.7493399e-05
  2.1144116e-04 -1.6154678e-03  2.7899104e-03  4.3059030e-04
 -3.7557509e-04  9.5324573e-04 -2.8847207e-04  1.3375620e-03]"
25,"[-1.9872696e-03 -2.1185125e-03  5.3972821e-04  1.6149536e-03
  6.8233709e-04 -2.6709818e-05  1.5838034e-04  2.1342325e-03
 -8.8136271e-04 -2.9279848e-03  1.7823611e-03 -6.7948416e-04
 -1.8156276e-03  1.5583317e-03 -5.5979472e-05 -7.8830530e-04
  1.7834280e-03  2.1484785e-03 -1.3216520e-03 -5.0733687e-04
  1.1552351e-03 -3.3059623e-04  2.7605046e-03 -5.6051603e-04
  1.6984574e-03  1.6961005e-04  2.6462367e-05  3.4652010e-03
 -1.8766361e-03  1.3161732e-03  2.6425153e-03  7.4195286e-04
  1.0396468e-03 -1.6483979e-03 -1.0684611e-03  4.7548114e-05
  1.2721479e-03 -1.5227397e-03 -4.4744913e-04  1.1914747e-03
  4.8081213e-04  1.3281824e-03 -1.3875185e-03 -2.6188171e-03
  9.4949920e-04  1.3927778e-03  1.6033070e-03 -9.1009756e-04
  1.8485266e-03  1.8181370e-03  3.0956962e-03 -1.3331434e-03
 -3.3729896e-03 -2.3295898e-03 -8.1307103e-04 -2.5627571e-03
  6.5541128e-05  1.2135879e-03 -1.1531968e-03  1.2260352e-03
 -2.5243864e-03  1.5683577e-03  3.9174026e-03 -2.5898789e-03
 -2.5319317e-03  5.6233781e-04  3.8267361e-04  4.3172081e-04
 -2.1155484e-03  1.6843282e-03  1.1988006e-03  2.8039882e-04
  2.8689043e-04 -5.5740250e-04 -2.5562494e-04 -5.6922645e-04
  2.4669417e-03  1.5717078e-04 -1.8836753e-03  1.7550647e-03
 -3.0385486e-03 -2.1731565e-04  9.8298769e-05  2.5677825e-03
 -1.4496823e-03 -2.9003655e-03  2.0300385e-03 -2.5491337e-03
  5.5365538e-04  1.8898625e-03 -1.7544391e-03  1.2062781e-03
  2.6303388e-03 -7.9508696e-04  1.9622270e-03  7.4484653e-04
  1.6141372e-03 -1.9236872e-03  5.8140658e-04  1.5581495e-03]"
26,"[-2.8656696e-03  8.4226695e-04  1.1121533e-03  9.6690585e-04
 -4.7331123e-04 -8.4756786e-04 -1.1895431e-03  1.5310484e-03
 -1.5607707e-03 -2.0723171e-03 -7.3228890e-05 -1.4735014e-03
  1.0814483e-03 -3.3094993e-04 -4.0739847e-05 -1.4502698e-03
  4.0647173e-03 -4.1323874e-04 -1.3899903e-03 -7.8631309e-04
  1.8549270e-04 -6.2800484e-04  3.4357272e-03  1.2001452e-03
  3.0076317e-03  5.2025192e-04 -1.3690435e-03  2.6843054e-03
 -7.2962779e-04  2.4692235e-03  2.2853750e-03  6.2230747e-04
  6.8541087e-04 -2.1523749e-03 -1.6624163e-03  1.9125378e-03
  3.3512170e-04 -2.5193496e-03  8.4245321e-04 -1.1462916e-03
 -7.8270103e-05 -1.5511418e-04 -5.0454878e-04 -5.8833401e-05
 -5.9166184e-04  5.2757573e-04 -1.0739549e-03  1.3111159e-03
 -7.2981016e-04 -4.1032370e-05  3.0760155e-03 -1.0128159e-03
 -1.6601149e-03 -1.7407995e-04 -3.4433294e-03 -1.6058707e-03
  7.1508309e-04 -7.1238109e-04 -7.8991271e-04  1.2208315e-03
 -8.3279522e-04  2.1524949e-03  2.6686245e-03 -5.6483090e-04
 -6.6746310e-05  1.1244650e-03  2.1903065e-03  9.7387948e-04
 -2.0297405e-03 -3.5591188e-04  5.7410024e-04  2.2787214e-03
  1.4228190e-04 -2.4756015e-04  2.3957365e-03 -3.2339359e-04
 -9.8670549e-05  1.9096801e-03  9.8675326e-04  1.2742450e-03
 -7.9199014e-04 -1.1147030e-03  1.2709114e-03  1.1625552e-03
 -2.0919028e-03 -1.7713138e-03  1.8716176e-03 -6.4203358e-04
  1.2303430e-03 -3.4891276e-04  8.6279411e-04  2.4249954e-03
  3.6161861e-04 -2.6658874e-03  2.0113629e-03 -5.1292795e-04
  2.1041227e-03 -1.6227526e-03  6.1772508e-04  1.7607210e-03]"
27,"[-9.73380287e-04 -1.86070777e-03  5.94503595e-04  6.92633796e-04
  1.38504780e-04 -3.75362043e-03  1.44820160e-03  2.75963172e-03
 -3.11576598e-03 -2.27512466e-03 -2.76724878e-03  1.78214174e-03
 -2.05717841e-03  1.85428280e-03 -7.57043366e-04 -3.83397768e-04
  3.27217713e-04 -5.94919955e-04 -8.38988984e-04 -7.20409385e-04
 -3.32039059e-03 -2.97911465e-03  7.46031292e-04  3.31726187e-04
  2.31541903e-03  1.23673561e-03 -4.49029356e-03  1.20691315e-03
 -5.66215662e-04 -1.02328733e-04  1.97913358e-03 -1.56669412e-04
 -2.03430839e-03 -4.17839969e-03  3.02893994e-03  7.34637200e-04
  1.91754766e-03  2.81232456e-03  3.03213042e-03 -3.72109516e-03
 -2.80905771e-03 -4.28059977e-03 -2.18019378e-03  1.82749133e-03
  8.58438609e-04 -1.08909397e-03  1.20142451e-03  1.73336198e-03
  2.29231641e-03 -1.44766003e-03 -2.42263428e-03  1.35558972e-03
 -9.45313426e-04 -2.42959382e-03 -1.24696456e-03  8.39221349e-04
 -4.01895773e-03 -4.91011143e-03 -5.73889411e-04 -3.99271172e-04
  1.11420860e-03 -5.60087101e-05  3.01423529e-03  4.23191534e-03
 -1.07945479e-03  1.29640475e-03  3.15788155e-03  1.65031955e-03
 -7.71800330e-07  9.03419394e-04 -1.91715939e-04  9.67093860e-04
 -1.51225354e-03 -7.66758807e-04  6.05510082e-03  2.12555658e-03
 -3.64794000e-03  2.16514594e-03  7.90496648e-04  5.63840673e-04
  1.03831626e-04  5.51628065e-04  1.24209200e-03 -1.57106307e-03
  1.26245699e-03 -2.98300991e-03  1.53045729e-03  2.23537651e-03
 -1.40715425e-03 -2.89455144e-04 -1.90852341e-04 -3.11657530e-03
  3.82359768e-03  5.61344030e-04 -6.28909474e-05  3.85668915e-04
 -3.98201591e-05  2.14321306e-03 -1.20634562e-03  3.51152034e-03]"
28,"[-4.1690194e-03  4.6401350e-03 -1.1659208e-03 -4.2866552e-03
  4.8823375e-04  1.0165009e-03  5.4950770e-03  2.8221773e-03
  1.9727380e-03  5.8473204e-04  3.1576080e-03  3.0068029e-03
  1.5805974e-03 -9.5439609e-05 -2.1278313e-03 -8.6346315e-04
  3.3479223e-03  1.5302892e-03  1.0190241e-03 -2.7037356e-03
  1.7571438e-03 -3.5404051e-03 -5.2363975e-03  4.7111958e-03
 -1.0459304e-03 -4.4887820e-03  4.2595970e-03 -2.1456496e-04
 -1.8402614e-03 -1.2491441e-03 -2.5828518e-03 -2.5723909e-03
  3.3716413e-03 -4.3676621e-03 -2.4840003e-03  5.5916328e-03
  8.0592523e-04  6.0408283e-04 -4.3571256e-03  3.3038007e-03
 -3.7591548e-03  1.8848798e-03  3.8364367e-04 -2.1757325e-04
  3.9630602e-03 -5.1120517e-04  2.5657832e-04  1.9007203e-03
  2.2653101e-03  1.7858865e-03 -2.8110067e-03  1.2151489e-03
 -3.4322548e-03  2.1127104e-03 -9.7014476e-04 -4.6629552e-03
  4.5078940e-04 -6.5534696e-04  2.7480642e-03  5.0533598e-04
 -8.9625933e-04  1.5561272e-03 -2.6520540e-04 -1.2211574e-05
 -2.0678379e-03  2.0286920e-03  2.6122266e-03 -6.8636239e-04
 -5.2922540e-03  6.6082290e-04 -2.4230541e-03 -1.8158668e-03
 -3.7896417e-03  3.5338150e-04  1.3041215e-03 -4.7600485e-04
  1.1993314e-03  2.6361910e-03  1.4267676e-04 -7.4166595e-04
 -2.1299641e-03  3.2988491e-03 -1.6864198e-03  3.3968475e-03
  1.4833384e-03  2.9435453e-03  7.7054271e-04  1.0025820e-03
  5.5038248e-04  2.0320602e-03  2.5958922e-03 -2.3171932e-03
 -5.8890728e-04  8.9050777e-04  4.2464444e-03  2.7783248e-03
  5.0529791e-03 -1.7296278e-03 -9.1858034e-04 -1.4500018e-03]"
29,"[ 1.9277496e-03 -2.8309973e-03 -2.6490756e-03 -2.4907640e-03
  2.5659974e-03 -1.6264279e-03 -2.2911441e-03  7.1248035e-03
 -1.7326695e-03 -2.1804848e-03 -9.7652071e-04 -3.2300894e-05
  3.4853430e-03  4.0389192e-03  1.2944881e-03 -6.6436263e-04
 -1.2765265e-03  2.0287726e-03 -2.0394276e-03  1.0754605e-03
  3.5573251e-03 -3.1115368e-03 -1.9916317e-03 -3.7744630e-03
  3.8007612e-03 -2.5508392e-03 -7.5310760e-04  5.3765438e-04
  7.0242817e-04 -5.9722544e-04 -2.0966346e-03 -2.6692753e-03
 -1.7976968e-03 -8.7452150e-04 -4.4914402e-04  2.0014828e-03
 -1.2992527e-03 -4.4632072e-04  2.5394927e-03 -1.3935587e-03
  3.7728896e-04 -2.9534320e-03  1.4128730e-03  1.4328845e-03
  3.8337854e-03 -2.3094919e-03  8.8542170e-04 -2.9167752e-03
 -1.9899756e-04  2.0830850e-03 -2.2011085e-03 -1.1892548e-03
 -4.7562472e-03  3.8084274e-04  3.1633365e-03  1.4920933e-03
  2.1155134e-03  2.0536319e-03  1.6780660e-03 -3.2099972e-03
  1.6929809e-03  4.8479129e-04  1.9333567e-03 -5.3442869e-04
 -5.9174299e-03  5.7640835e-03  2.3821867e-03  2.4514028e-03
  7.3740870e-04  5.1282160e-03  1.7679582e-03 -3.0574002e-03
  1.6837490e-03  2.9029660e-03  9.1844948e-04  3.3497384e-03
  6.6266669e-04  1.0622045e-03 -2.3634296e-03  1.5488778e-03
 -1.3365184e-03 -3.1026374e-03 -3.7432772e-03  3.2504417e-03
  2.3239048e-03  2.1235708e-03 -2.4136140e-03  3.7644990e-04
  2.5962058e-03 -6.3703425e-04 -1.3655993e-03 -1.6210098e-03
  4.0999488e-03 -7.1684812e-04  2.0244534e-03  9.4027177e-04
  1.3453516e-03 -6.3620217e-04 -4.2112492e-04 -2.7819644e-04]"
30,"[ 2.7100462e-03 -2.0415589e-04 -2.6904061e-03 -2.7483064e-03
  3.2175500e-03 -1.4984788e-03 -1.9676941e-03  5.7728663e-03
  4.0832773e-04 -5.8213674e-04  6.9991552e-06 -7.1442407e-04
  2.9254726e-03  2.5147472e-03  2.1479693e-03 -7.7168352e-04
 -1.7566688e-03  4.3836134e-03 -2.2519811e-03 -2.2894415e-04
  2.6674394e-03 -2.9899280e-03 -2.7000553e-03 -1.6610146e-03
  2.3549157e-03 -1.2384355e-03 -6.4912270e-04  4.1669622e-04
  1.1855873e-03 -8.3437271e-04 -3.7101321e-03 -2.9565289e-03
  6.0541829e-04 -3.0306841e-03 -2.4008416e-03  3.4075540e-03
 -3.3150535e-04  1.7725626e-03  9.4560895e-04 -5.3557003e-04
 -1.0424529e-03 -9.6310308e-04  3.4383007e-03 -1.2145723e-04
  3.4367701e-03 -2.9504360e-03  2.2214947e-03 -2.4809218e-03
  1.9858801e-03  1.7318015e-03 -3.6123246e-03 -6.3854485e-04
 -4.3776473e-03 -4.5030145e-04  2.8632574e-03 -1.9644640e-04
  2.3960976e-03  1.1564930e-03  4.1381666e-03 -3.0709836e-03
  9.2788652e-04 -6.1706442e-04  1.7298365e-03 -1.4013521e-04
 -4.4588698e-03  6.0478253e-03  1.5308231e-03  2.5551335e-03
 -3.9641824e-04  3.4131103e-03  3.0728795e-03 -1.8517282e-03
  2.0579246e-03  4.3099602e-03  1.8856274e-03  2.4246897e-03
  1.0804584e-03  1.4395748e-04 -2.3008133e-03  2.5470252e-03
 -1.6141564e-03 -3.0332122e-03 -3.8657938e-03  7.4052374e-04
  2.3381189e-03  4.9622479e-04 -2.0434896e-03  1.1772641e-03
  2.3414814e-03  5.3024100e-04 -2.6295767e-03 -2.3902592e-03
  4.8137382e-03 -6.5742730e-04  2.8405434e-03  2.5827861e-03
  1.6385644e-03  2.3742153e-04 -1.7942805e-03 -1.1732493e-03]"
